![wpn_m60_hud]
aim_hud_offset_pos          = -0.10152, 0.018, -0.11
aim_hud_offset_pos_16x9     = -0.10152, 0.018, -0.11
aim_hud_offset_rot          = -0.0025, -0.0086, 0
aim_hud_offset_rot_16x9     = -0.0025, -0.0086, 0
