![wpn_m60_hud]
aim_hud_offset_pos          = -0.10152, 0.018, -0.11
aim_hud_offset_pos_16x9     = -0.10152, 0.018, -0.11
aim_hud_offset_rot          = -0.0025, -0.0086, 0
aim_hud_offset_rot_16x9     = -0.0025, -0.0086, 0

![wpn_hk417_hud]
        aim_hud_offset_pos               = -0.060024, 0.020274, -0.051203
        aim_hud_offset_pos_16x9          = -0.060024, 0.020274, -0.051203
        aim_hud_offset_rot               = 0.014181, -0.00124, 0
        aim_hud_offset_rot_16x9          = 0.014181, -0.00124, 0
        fire_point                       = 0, 0.074259, 0.795394
        fire_point2                      = 0, -0.009, 0.601
        gl_hud_offset_pos                = -0.064288, -0.084151, -0.03594
        gl_hud_offset_pos_16x9           = -0.064288, -0.084151, -0.03594
        gl_hud_offset_rot                = -0.130615, 0.0045, 0
        gl_hud_offset_rot_16x9           = -0.130615, 0.0045, 0
        hands_orientation                = -0.11172, 1.086797, 0.6
        hands_orientation_16x9           = -0.11172, 1.086797, 0.6
        hands_position                   = -0.093344, -0.160165, -0.11291
        hands_position_16x9              = -0.093344, -0.160165, -0.11291

![wpn_hk417_eot_hud]
        aim_hud_offset_pos               = -0.05723, 0.003761, 0.045654
        aim_hud_offset_pos_16x9          = -0.05723, 0.003761, 0.045654
        aim_hud_offset_rot               = 0, -0.0089, 0
        aim_hud_offset_rot_16x9          = 0, -0.0089, 0

![wpn_hk417_acog_hud]
        aim_hud_offset_pos               = -0.058822, 0.00424, 0.329231
        aim_hud_offset_pos_16x9          = -0.058822, 0.00424, 0.329231
        aim_hud_offset_rot               = 0.015014, -0.00352, 0
        aim_hud_offset_rot_16x9          = 0.015014, -0.00352, 0
